[gd_scene load_steps=13 format=3 uid="uid://cqmplyrptpv4o"]

[ext_resource type="PackedScene" uid="uid://e8jk2vyhjitu" path="res://Assets/Models/Rigged/Character_model_base.blend" id="1_e7mhe"]
[ext_resource type="Texture2D" uid="uid://xse7e031oxke" path="res://Assets/textures/Reimu_texture_body.png" id="2_e7mhe"]
[ext_resource type="Texture2D" uid="uid://bi7pu64sr20e6" path="res://Assets/textures/test_face_grid_texture.png" id="3_8xpqx"]
[ext_resource type="Texture2D" uid="uid://dx7gspnqv6s54" path="res://Assets/textures/test_hair_texture_1.png" id="4_eypv1"]
[ext_resource type="Texture2D" uid="uid://c80aify03tu63" path="res://Assets/textures/test_skirt_texture_1.png" id="5_qkq13"]

[sub_resource type="PlaneMesh" id="PlaneMesh_sgp6g"]

[sub_resource type="StandardMaterial3D" id="StandardMaterial3D_sgp6g"]
albedo_color = Color(0.389287, 0.389287, 0.389287, 1)

[sub_resource type="StandardMaterial3D" id="StandardMaterial3D_o6xl0"]
transparency = 2
alpha_scissor_threshold = 0.49
alpha_antialiasing_mode = 0
cull_mode = 2
albedo_color = Color(1, 0.858824, 0, 1)

[sub_resource type="StandardMaterial3D" id="StandardMaterial3D_tipki"]
cull_mode = 2
albedo_texture = ExtResource("2_e7mhe")

[sub_resource type="StandardMaterial3D" id="StandardMaterial3D_ya4ey"]
transparency = 1
cull_mode = 2
albedo_texture = ExtResource("3_8xpqx")

[sub_resource type="StandardMaterial3D" id="StandardMaterial3D_85g3d"]
transparency = 2
alpha_scissor_threshold = 0.5
alpha_antialiasing_mode = 0
cull_mode = 2
albedo_texture = ExtResource("4_eypv1")

[sub_resource type="StandardMaterial3D" id="StandardMaterial3D_choun"]
transparency = 2
alpha_scissor_threshold = 0.5
alpha_antialiasing_mode = 0
cull_mode = 2
albedo_texture = ExtResource("5_qkq13")

[node name="Node" type="Node"]

[node name="CameraRoot" type="Node3D" parent="."]

[node name="Camera3D" type="Camera3D" parent="CameraRoot"]
transform = Transform3D(1, 0, 0, 0, 0.968561, 0.248774, 0, -0.248774, 0.968561, 0, 3, 3.844)
fov = 55.2773

[node name="Node3D" type="Node3D" parent="."]
transform = Transform3D(5, 0, 0, 0, 5, 0, 0, 0, 5, 0, 0, 0)

[node name="MeshInstance3D" type="MeshInstance3D" parent="Node3D"]
transform = Transform3D(1, 0, 0, 0, 1, 0, 0, 0, 1, 3.29376e-05, -0.000522766, 0.000301082)
mesh = SubResource("PlaneMesh_sgp6g")
skeleton = NodePath("../..")
surface_material_override/0 = SubResource("StandardMaterial3D_sgp6g")

[node name="Character_model_base" parent="." instance=ExtResource("1_e7mhe")]
transform = Transform3D(1, 0, 0, 0, 1, 0, 0, 0, 1, 0.0187378, 0, -0.121912)

[node name="BoneAttachment3D" type="BoneAttachment3D" parent="Character_model_base/rig/Skeleton3D" index="0"]
transform = Transform3D(1, 1.57823e-06, -1.33502e-06, -1.57356e-06, 0.999994, 0.00348502, 1.34095e-06, -0.00348503, 0.999994, -1.04407e-11, 2.85092, -0.00188337)
bone_name = "DEF-spine.006"
bone_idx = 7

[node name="HeadContainer" type="Node3D" parent="Character_model_base/rig/Skeleton3D/BoneAttachment3D"]
transform = Transform3D(1, -9.54792e-14, 0, -3.77476e-14, 1, 0, 0, 0, 1, -7.33882e-07, 0.465822, 0.00162341)

[node name="CSGPolygon3D" type="CSGPolygon3D" parent="Character_model_base/rig/Skeleton3D/BoneAttachment3D/HeadContainer"]
transform = Transform3D(1, 3.77476e-14, 0, -3.77476e-14, 1, 0, 0, 0, 0.93, 8.95932e-07, -0.703515, -0.160462)
polygon = PackedVector2Array(0.479169, 0.0395422, 0, 1, 0.333764, 0.756671, 0.382486, 0.328637)
mode = 1
spin_degrees = 180.0
spin_sides = 8
material = SubResource("StandardMaterial3D_o6xl0")

[node name="Body" parent="Character_model_base/rig/Skeleton3D" index="1"]
blend_shapes/pelvis_size = 0.59048
blend_shapes/breast_size = 0.4381
blend_shapes/head_size = 0.34285
surface_material_override/0 = SubResource("StandardMaterial3D_tipki")

[node name="Face" parent="Character_model_base/rig/Skeleton3D" index="2"]
blend_shapes/head_size = 0.34285
surface_material_override/0 = SubResource("StandardMaterial3D_ya4ey")

[node name="Hair" parent="Character_model_base/rig/Skeleton3D" index="3"]
transform = Transform3D(1.025, 0, 0, 0, 1, 0, 0, 0, 1.06, 0, 0, 0)
blend_shapes/head_size = 1.0
surface_material_override/0 = SubResource("StandardMaterial3D_85g3d")

[node name="skirt" parent="Character_model_base/rig/Skeleton3D" index="4"]
blend_shapes/pelvis_size = 0.59048
blend_shapes/skirt_length = 0.26667
blend_shapes/skirt_width = 0.17143
surface_material_override/0 = SubResource("StandardMaterial3D_choun")

[node name="Lighting" type="Node3D" parent="."]

[node name="SpotLight3D" type="SpotLight3D" parent="Lighting"]
transform = Transform3D(-0.477375, 0.873638, -0.094183, -0.451938, -0.152191, 0.878971, 0.753568, 0.462163, 0.467483, 0, 5.08816, 2.04281)
light_energy = 4.0
light_indirect_energy = 2.0
light_volumetric_fog_energy = 0.0
light_specular = 0.0
shadow_enabled = true
spot_range = 9.36352

[node name="SpotLight3D2" type="SpotLight3D" parent="Lighting"]
transform = Transform3D(-0.419436, -0.749337, 0.512413, -0.470204, 0.662178, 0.583463, -0.776519, 0.00378653, -0.630082, 3.48727, 6.0463, -3.8541)
light_energy = 6.0
spot_range = 9.65447
spot_angle = 28.2879

[node name="SpotLight3D3" type="SpotLight3D" parent="Lighting"]
transform = Transform3D(-0.810224, -0.0617586, -0.582857, -0.470204, 0.662178, 0.583463, 0.349921, 0.746798, -0.565552, -3.91563, 6.0463, -3.8541)
light_energy = 6.0
spot_range = 9.65447
spot_angle = 28.2879

[editable path="Character_model_base"]
